  [ 0.01763, -0.35615],
  [ 0.01319, -0.35815],
  [ 0.00610, -0.35742],
  [-0.00219, -0.35466],
  [-0.01058, -0.35056],
  [-0.01846, -0.34545],
  [-0.02528, -0.33940],
  [-0.03015, -0.33255],
  [-0.03196, -0.32530],
  [-0.03006, -0.31834],
  [-0.02486, -0.31222],
  [-0.01757, -0.30700],
  [-0.00942, -0.30221],
  [-0.00126, -0.29725],
  [ 0.00640, -0.29165],
  [ 0.01318, -0.28517],
  [ 0.01862, -0.27774],
  [ 0.02230, -0.26944],
  [ 0.02392, -0.26056],
  [ 0.02339, -0.25150],
  [ 0.02086, -0.24270],
  [ 0.01658, -0.23449],
  [ 0.01088, -0.22704],
  [ 0.00416, -0.22031],
  [-0.00318, -0.21411],
  [-0.01082, -0.20821],
  [-0.01858, -0.20244],
  [-0.02633, -0.19666],
  [-0.03394, -0.19073],
  [-0.04128, -0.18450],
  [-0.04820, -0.17785],
  [-0.05464, -0.17075],
  [-0.06055, -0.16322],
  [-0.06586, -0.15529],
  [-0.07052, -0.14696],
  [-0.07440, -0.13825],
  [-0.07739, -0.12921],
  [-0.07931, -0.11991],
  [-0.08004, -0.11047],
  [-0.07943, -0.10111],
  [-0.07727, -0.09215],
  [-0.07334, -0.08402],
  [-0.06767, -0.07700],
  [-0.06088, -0.07092],
  [-0.05419, -0.06503],
  [-0.04910, -0.05851],
  [-0.04676, -0.05099],
  [-0.04732, -0.04273],
  [-0.04984, -0.03410],
  [-0.05289, -0.02526],
  [-0.05531, -0.01619],
  [-0.05651, -0.00687],
  [-0.05638,  0.00257],
  [-0.05500,  0.01193],
  [-0.05247,  0.02105],
  [-0.04887,  0.02974],
  [-0.04421,  0.03777],
  [-0.03843,  0.04491],
  [-0.03165,  0.05101],
  [-0.02407,  0.05596],
  [-0.01585,  0.05947],
  [-0.00707,  0.06131],
  [ 0.00211,  0.06165],
  [ 0.01143,  0.06080],
  [ 0.02055,  0.05883],
  [ 0.02914,  0.05550],
  [ 0.03686,  0.05066],
  [ 0.04343,  0.04437],
  [ 0.04866,  0.03685],
  [ 0.05262,  0.02842],
  [ 0.05553,  0.01944],
  [ 0.05751,  0.01016],
  [ 0.05846,  0.00073],
  [ 0.05822, -0.00870],
  [ 0.05665, -0.01795],
  [ 0.05383, -0.02693],
  [ 0.05016, -0.03564],
  [ 0.04634, -0.04424],
  [ 0.04310, -0.05286],
  [ 0.04067, -0.06159],
  [ 0.03856, -0.07040],
  [ 0.03593, -0.07919],
  [ 0.03227, -0.08775],
  [ 0.02751, -0.09591],
  [ 0.02187, -0.10361],
  [ 0.01568, -0.11094],
  [ 0.00934, -0.11813],
  [ 0.00343, -0.12553],
  [-0.00136, -0.13345],
  [-0.00445, -0.14203],
  [-0.00560, -0.15109],
  [-0.00485, -0.16027],
  [-0.00234, -0.16919],
  [ 0.00180, -0.17751],
  [ 0.00735, -0.18504],
  [ 0.01406, -0.19165],
  [ 0.02166, -0.19736],
  [ 0.02986, -0.20227],
  [ 0.03845, -0.20662],
  [ 0.04717, -0.21072],
  [ 0.05580, -0.21495],
  [ 0.06400, -0.21971],
  [ 0.07125, -0.22537],
  [ 0.07679, -0.23217],
  [ 0.07986, -0.24003],
  [ 0.08012, -0.24854],
  [ 0.07784, -0.25715],
  [ 0.07372, -0.26547],
  [ 0.06839, -0.27330],
  [ 0.06221, -0.28056],
  [ 0.05538, -0.28727],
  [ 0.04808, -0.29350],
  [ 0.04054, -0.29946],
  [ 0.03312, -0.30547],
  [ 0.02637, -0.31194],
  [ 0.02105, -0.31923],
  [ 0.01782, -0.32737],
  [ 0.01696, -0.33596],
  [ 0.01786, -0.34425],
  [ 0.01881, -0.35131]